VERTEX_SE2 0 0.122704 -0.000001 0.000000 0.122704 -0.000001 0.000000
LANDMARK 0 0 -0.388682 1.768247
VERTEX_SE2 1 0.116843 0.000000 0.000000 0.239547 -0.000000 0.000000
LANDMARK 1 0 -0.410915 1.664806
LANDMARK 1 1 0.857151 2.596483
VERTEX_SE2 2 0.145558 0.000000 0.000000 0.385105 -0.000000 0.000000
LANDMARK 2 0 -0.449350 1.512664
LANDMARK 2 1 0.916222 2.497096
VERTEX_SE2 3 0.105742 -0.000000 0.000000 0.490847 -0.000000 0.000000
LANDMARK 3 0 -0.472363 1.442588
LANDMARK 3 1 0.947698 2.444462
VERTEX_SE2 4 0.109319 -0.000000 0.000000 0.600166 -0.000001 0.000000
LANDMARK 4 0 -0.505131 1.333681
LANDMARK 4 1 0.988450 2.372716
VERTEX_SE2 5 0.110341 0.000000 0.000000 0.710507 -0.000001 0.000000
LANDMARK 5 0 -0.532782 1.255833
LANDMARK 5 2 0.263433 2.681665
LANDMARK 5 1 1.019114 2.342117
VERTEX_SE2 6 0.110155 -0.000000 0.000000 0.820661 -0.000001 0.000000
LANDMARK 6 0 -0.576120 1.157190
LANDMARK 6 2 0.279098 2.585275
LANDMARK 6 1 1.065973 2.276788
VERTEX_SE2 7 0.109648 -0.000000 0.000000 0.930309 -0.000001 0.000000
LANDMARK 7 0 -0.672220 0.997055
LANDMARK 7 2 0.306158 2.393964
LANDMARK 7 1 1.145344 2.210665
VERTEX_SE2 8 0.109344 0.000000 0.000000 1.039654 -0.000001 0.000000
LANDMARK 8 0 -0.706321 0.956435
LANDMARK 8 2 0.315812 2.329545
LANDMARK 8 1 1.171593 2.191255
VERTEX_SE2 9 0.108022 -0.000000 0.000000 1.147676 -0.000001 0.000000
LANDMARK 9 0 -0.796615 0.856949
LANDMARK 9 2 0.339135 2.204215
LANDMARK 9 1 1.233995 2.158510
VERTEX_SE2 10 0.107572 -0.000000 0.000000 1.255247 -0.000001 0.000000
LANDMARK 10 0 -0.882549 0.783450
LANDMARK 10 2 0.357495 2.111740
LANDMARK 10 1 1.280292 2.120930
VERTEX_SE2 11 0.106294 -0.000000 0.000000 1.361541 -0.000001 0.000000
LANDMARK 11 0 -1.022095 0.700727
LANDMARK 11 2 0.385379 1.989023
LANDMARK 11 1 1.343052 2.081245
VERTEX_SE2 12 0.104794 0.000000 0.000000 1.466335 -0.000001 0.000000
LANDMARK 12 0 -1.116363 0.662350
LANDMARK 12 2 0.401023 1.907380
LANDMARK 12 1 1.380923 2.073990
VERTEX_SE2 13 0.104254 0.000000 0.000000 1.570589 -0.000001 0.000000
LANDMARK 13 0 -1.183218 0.631442
LANDMARK 13 2 0.412161 1.854765
LANDMARK 13 1 1.405939 2.064777
VERTEX_SE2 14 0.103862 -0.000000 0.000000 1.674452 -0.000001 0.000000
LANDMARK 14 0 -1.411628 0.596814
LANDMARK 14 2 0.455326 1.713100
LANDMARK 14 1 1.484257 2.029122
VERTEX_SE2 15 0.103324 0.000359 0.034374 1.777776 0.000358 0.034374
LANDMARK 15 0 -1.535513 0.588440
LANDMARK 15 2 0.477926 1.644606
LANDMARK 15 1 1.522394 2.036554
VERTEX_SE2 16 0.103582 0.001427 0.055112 1.881248 0.005344 0.089486
LANDMARK 16 0 -1.707748 0.589207
LANDMARK 16 2 0.508972 1.553808
LANDMARK 16 1 1.573584 2.043506
VERTEX_SE2 17 0.101980 0.001383 0.054260 1.982696 0.015836 0.143746
LANDMARK 17 0 -1.834999 0.586959
LANDMARK 17 2 0.528456 1.500137
LANDMARK 17 1 1.601680 2.063413
VERTEX_SE2 18 0.101563 0.001372 0.049716 2.083015 0.031743 0.193461
LANDMARK 18 3 -0.291074 2.710819
LANDMARK 18 2 0.521473 1.357533
LANDMARK 18 1 1.610503 2.073766
VERTEX_SE2 19 0.101152 0.000859 0.017022 2.182115 0.052033 0.210483
LANDMARK 19 3 -0.337213 2.645684
LANDMARK 19 2 0.511948 1.284148
LANDMARK 19 1 1.611100 2.075085
VERTEX_SE2 20 0.101889 -0.000000 0.000000 2.281756 0.073321 0.210483
LANDMARK 20 3 -0.399804 2.548607
LANDMARK 20 2 0.501531 1.203073
LANDMARK 20 1 1.609781 2.073641
VERTEX_SE2 21 0.102311 0.000000 0.000000 2.381809 0.094697 0.210483
LANDMARK 21 3 -0.456590 2.423937
LANDMARK 21 2 0.518154 1.094125
LANDMARK 21 1 1.635767 2.078719
VERTEX_SE2 22 0.102274 -0.000000 0.000000 2.481825 0.116065 0.210483
LANDMARK 22 3 -0.492323 2.306078
LANDMARK 22 2 0.569092 0.984130
LANDMARK 22 1 1.687273 2.080167
VERTEX_SE2 23 0.101346 -0.000000 0.000000 2.580934 0.137240 0.210483
LANDMARK 23 3 -0.520224 2.235310
LANDMARK 23 2 0.626283 0.893794
LANDMARK 23 1 1.725722 2.109823
VERTEX_SE2 24 0.101424 -0.000000 0.002713 2.680120 0.158430 0.213196
LANDMARK 24 3 -0.534109 2.181693
LANDMARK 24 2 0.656401 0.859879
LANDMARK 24 1 1.748440 2.107747
VERTEX_SE2 25 0.100923 0.000205 0.008134 2.778714 0.179985 0.221330
LANDMARK 25 3 -0.553513 2.119221
LANDMARK 25 2 0.710090 0.808465
LANDMARK 25 1 1.779747 2.123083
VERTEX_SE2 26 0.101022 0.001126 0.049173 2.877024 0.203261 0.270503
LANDMARK 26 3 -0.598536 1.996789
LANDMARK 26 2 0.840391 0.708429
LANDMARK 26 1 1.839178 2.162343
VERTEX_SE2 27 0.100491 0.001343 0.053467 2.973502 0.231408 0.323970
LANDMARK 27 3 -0.622853 1.922897
LANDMARK 27 4 0.702987 2.636216
LANDMARK 27 2 0.917154 0.659122
LANDMARK 27 1 1.865662 2.186805
VERTEX_SE2 28 0.100202 0.001335 0.053313 3.068066 0.264572 0.377283
LANDMARK 28 3 -0.683245 1.841344
LANDMARK 28 4 0.696798 2.570942
LANDMARK 28 2 1.010827 0.604500
LANDMARK 28 1 1.872366 2.233073
VERTEX_SE2 29 0.148453 0.003911 0.079017 3.204637 0.322897 0.456300
LANDMARK 29 3 -0.792055 1.732748
LANDMARK 29 4 0.666831 2.457801
LANDMARK 29 2 1.131759 0.547912
LANDMARK 29 1 1.862175 2.268872
VERTEX_SE2 30 0.148245 0.003900 0.078907 3.335997 0.391719 0.535207
LANDMARK 30 3 -1.006861 1.599905
LANDMARK 30 4 0.608461 2.293736
LANDMARK 30 2 1.414354 0.482840
VERTEX_SE2 31 0.148643 0.003921 0.079118 3.461854 0.470903 0.614325
LANDMARK 31 3 -1.112344 1.547183
LANDMARK 31 4 0.580098 2.206032
LANDMARK 31 2 1.555207 0.477518
VERTEX_SE2 32 0.149905 0.003988 0.079791 3.582053 0.560568 0.694116
LANDMARK 32 3 -1.306849 1.476667
LANDMARK 32 4 0.534457 2.054361
LANDMARK 32 1 1.812685 2.387282
LANDMARK 32 2 1.800691 0.495194
VERTEX_SE2 33 0.100082 0.001332 0.053249 3.658125 0.625615 0.747365
LANDMARK 33 3 -1.394185 1.466459
LANDMARK 33 4 0.513693 1.987231
LANDMARK 33 1 1.805503 2.415908
LANDMARK 33 2 1.904956 0.519974
VERTEX_SE2 34 0.149637 0.003974 0.079648 3.765180 0.730239 0.827013
LANDMARK 34 3 -1.604402 1.452775
LANDMARK 34 4 0.465777 1.824697
LANDMARK 34 1 1.781457 2.462043
VERTEX_SE2 35 0.100451 0.001342 0.053446 3.832205 0.805071 0.880459
LANDMARK 35 3 -1.725166 1.464235
LANDMARK 35 4 0.435052 1.718690
VERTEX_SE2 36 0.149282 0.003955 0.079459 3.924218 0.922690 0.959918
LANDMARK 36 3 -1.871410 1.484581
LANDMARK 36 4 0.400721 1.603794
VERTEX_SE2 37 0.149916 0.003988 0.079797 4.006941 1.047781 1.039714
LANDMARK 37 3 -2.038924 1.550082
LANDMARK 37 4 0.357847 1.476492
VERTEX_SE2 38 0.149241 0.003952 0.079437 4.079119 1.178466 1.119151
LANDMARK 38 4 0.313642 1.337083
VERTEX_SE2 39 0.143074 0.002466 0.026347 4.139345 1.308270 1.145498
LANDMARK 39 4 0.247925 1.146734
VERTEX_SE2 40 0.110780 -0.000000 0.000000 4.185052 1.409182 1.145498
LANDMARK 40 4 0.224142 1.005200
VERTEX_SE2 41 -0.103665 0.004060 -0.072331 4.138583 1.316426 1.073167
LANDMARK 41 4 0.228858 1.106426
VERTEX_SE2 42 -0.125740 0.002799 -0.066916 4.076102 1.207272 1.006251
LANDMARK 42 4 0.263472 1.232172
VERTEX_SE2 43 -0.144288 0.003693 -0.076797 3.995783 1.087349 0.929454
LANDMARK 43 4 0.339917 1.429387
VERTEX_SE2 44 -0.102553 0.001399 -0.054564 3.933308 1.006011 0.874889
LANDMARK 44 3 -2.102072 1.523127
LANDMARK 44 4 0.361159 1.482958
VERTEX_SE2 45 -0.104753 0.001460 -0.055736 3.865032 0.926552 0.819154
LANDMARK 45 3 -2.019793 1.471510
LANDMARK 45 4 0.389271 1.557123
VERTEX_SE2 46 -0.105221 0.001473 -0.055984 3.792107 0.850686 0.763169
LANDMARK 46 3 -1.808939 1.405198
LANDMARK 46 4 0.452819 1.718563
VERTEX_SE2 47 -0.104938 0.001465 -0.055834 3.715262 0.779210 0.707335
LANDMARK 47 3 -1.714919 1.370823
LANDMARK 47 4 0.480824 1.802598
LANDMARK 47 2 1.997720 0.673996
VERTEX_SE2 48 -0.105268 0.001474 -0.056010 3.634290 0.711926 0.651326
LANDMARK 48 3 -1.587849 1.359088
LANDMARK 48 4 0.512793 1.898592
LANDMARK 48 2 1.976144 0.656284
VERTEX_SE2 49 -0.104742 0.001459 -0.055730 3.550106 0.649588 0.595596
LANDMARK 49 3 -1.490116 1.351083
LANDMARK 49 4 0.538734 1.976624
LANDMARK 49 2 1.906815 0.631899
VERTEX_SE2 50 -0.104102 0.001442 -0.055389 3.463120 0.592380 0.540207
LANDMARK 50 3 -1.360782 1.364922
LANDMARK 50 4 0.571028 2.070089
LANDMARK 50 2 1.813040 0.613645
VERTEX_SE2 51 -0.103763 0.001432 -0.055208 3.373397 0.540242 0.484998
LANDMARK 51 3 -1.232034 1.377502
LANDMARK 51 4 0.604791 2.167315
LANDMARK 51 2 1.710569 0.600156
VERTEX_SE2 52 -0.102838 0.001407 -0.054716 3.281763 0.493543 0.430282
LANDMARK 52 3 -1.138506 1.406572
LANDMARK 52 4 0.629417 2.233841
LANDMARK 52 2 1.632438 0.606621
VERTEX_SE2 53 -0.102016 0.001384 -0.054279 3.188469 0.452247 0.376004
LANDMARK 53 3 -1.017239 1.450204
LANDMARK 53 4 0.664415 2.309073
LANDMARK 53 2 1.531210 0.615620
VERTEX_SE2 54 -0.102526 0.001398 -0.054550 3.092591 0.415900 0.321453
LANDMARK 54 3 -0.877310 1.512258
LANDMARK 54 4 0.703533 2.420927
LANDMARK 54 2 1.411029 0.640022
LANDMARK 54 1 1.862630 2.457797
VERTEX_SE2 55 -0.102675 0.001402 -0.054630 2.994733 0.384790 0.266824
LANDMARK 55 3 -0.746507 1.582970
LANDMARK 55 4 0.738271 2.516728
LANDMARK 55 2 1.299877 0.676536
LANDMARK 55 1 1.877986 2.433588
VERTEX_SE2 56 -0.102758 0.001405 -0.054673 2.895241 0.359051 0.212151
LANDMARK 56 3 -0.697863 1.629755
LANDMARK 56 4 0.753496 2.567552
LANDMARK 56 2 1.260398 0.694920
LANDMARK 56 1 1.884150 2.417617
VERTEX_SE2 57 -0.103038 0.001412 -0.054822 2.794216 0.338736 0.157328
LANDMARK 57 3 -0.579991 1.700393
LANDMARK 57 4 0.790559 2.660399
LANDMARK 57 2 1.178560 0.744680
LANDMARK 57 1 1.899912 2.382846
VERTEX_SE2 58 -0.102509 0.001398 -0.054541 2.692754 0.324056 0.102787
LANDMARK 58 3 -0.451563 1.834582
LANDMARK 58 2 1.105775 0.816746
LANDMARK 58 1 1.923303 2.359931
VERTEX_SE2 59 -0.101959 0.001383 -0.054248 2.591192 0.314970 0.048539
LANDMARK 59 3 -0.407712 1.880527
LANDMARK 59 2 1.087141 0.844781
LANDMARK 59 1 1.930092 2.345664
VERTEX_SE2 60 -0.101726 0.001377 -0.054124 2.489519 0.311409 -0.005585
LANDMARK 60 3 -0.350131 1.956934
LANDMARK 60 2 1.056411 0.885818
LANDMARK 60 1 1.938910 2.323727
VERTEX_SE2 61 -0.101655 0.001375 -0.054086 2.387873 0.313351 -0.059672
LANDMARK 61 3 -0.275069 2.039544
LANDMARK 61 2 1.028427 0.949229
LANDMARK 61 1 1.953743 2.286599
VERTEX_SE2 62 -0.101776 0.001378 -0.027188 2.286361 0.320796 -0.086860
LANDMARK 62 3 -0.158370 2.213763
LANDMARK 62 2 0.987450 1.047055
LANDMARK 62 1 1.970885 2.241864
VERTEX_SE2 63 -0.101215 0.000000 0.000000 2.185528 0.329577 -0.086860
LANDMARK 63 3 -0.112106 2.288466
LANDMARK 63 2 0.975961 1.088239
LANDMARK 63 1 1.980251 2.203762
VERTEX_SE2 64 -0.100775 -0.000000 0.000000 2.085132 0.338319 -0.086860
LANDMARK 64 3 -0.053043 2.368831
LANDMARK 64 2 0.963329 1.158024
LANDMARK 64 1 1.986376 2.191629
VERTEX_SE2 65 -0.100865 0.000000 0.002445 1.984648 0.347069 -0.084415
LANDMARK 65 3 -0.033349 2.450622
LANDMARK 65 2 0.931441 1.203555
LANDMARK 65 1 1.967483 2.171828
VERTEX_SE2 66 -0.100916 -0.001354 0.053693 1.883977 0.354228 -0.030722
LANDMARK 66 3 -0.034559 2.547092
LANDMARK 66 2 0.869352 1.270492
LANDMARK 66 1 1.924641 2.129566
VERTEX_SE2 67 -0.101219 -0.001363 0.026960 1.782764 0.355975 -0.003762
LANDMARK 67 0 -1.990039 0.651556
LANDMARK 67 3 -0.029866 2.692595
LANDMARK 67 2 0.804465 1.347690
LANDMARK 67 1 1.876293 2.095836
VERTEX_SE2 68 -0.101651 0.000000 0.000000 1.681113 0.356357 -0.003762
LANDMARK 68 0 -1.862573 0.620725
LANDMARK 68 2 0.762354 1.405446
LANDMARK 68 1 1.833936 2.078360
VERTEX_SE2 69 -0.100768 0.000000 0.000000 1.580346 0.356737 -0.003762
LANDMARK 69 0 -1.745967 0.615180
LANDMARK 69 2 0.683228 1.469252
LANDMARK 69 1 1.757592 2.042312
VERTEX_SE2 70 -0.100682 -0.000000 0.000000 1.479665 0.357115 -0.003762
LANDMARK 70 0 -1.601622 0.612195
LANDMARK 70 2 0.623229 1.543453
LANDMARK 70 1 1.698813 2.011073
VERTEX_SE2 71 -0.100659 -0.000000 0.000000 1.379006 0.357494 -0.003762
LANDMARK 71 0 -1.487780 0.620072
LANDMARK 71 2 0.592326 1.590543
LANDMARK 71 1 1.662419 1.993224
VERTEX_SE2 72 -0.100976 -0.000000 0.026824 1.278031 0.357873 0.023063
LANDMARK 72 0 -1.275812 0.651490
LANDMARK 72 2 0.535591 1.715745
LANDMARK 72 1 1.578005 1.982192
VERTEX_SE2 73 -0.101273 -0.001364 0.053883 1.176816 0.354174 0.076946
LANDMARK 73 0 -1.176717 0.683207
LANDMARK 73 2 0.509785 1.793796
LANDMARK 73 1 1.535525 1.977201
VERTEX_SE2 74 -0.102802 -0.001406 0.027264 1.074427 0.344870 0.104210
LANDMARK 74 0 -1.042688 0.733617
LANDMARK 74 2 0.461969 1.895952
LANDMARK 74 1 1.460997 1.988418
VERTEX_SE2 75 -0.100751 0.000000 0.000000 0.974222 0.334390 0.104210
LANDMARK 75 0 -1.000309 0.770983
LANDMARK 75 2 0.436130 1.955720
LANDMARK 75 1 1.422742 1.990756
VERTEX_SE2 76 -0.145003 0.000000 0.000000 0.830006 0.319306 0.104210
LANDMARK 76 0 -0.945397 0.864881
LANDMARK 76 2 0.323352 2.091496
LANDMARK 76 1 1.273526 2.018527
VERTEX_SE2 77 -0.145660 -0.000000 0.000000 0.685136 0.304154 0.104210
LANDMARK 77 0 -0.837240 0.981542
LANDMARK 77 2 0.286062 2.233153
LANDMARK 77 1 1.187956 2.053319
VERTEX_SE2 78 -0.144384 -0.000000 0.000000 0.541536 0.289135 0.104210
LANDMARK 78 0 -0.763736 1.061360
LANDMARK 78 2 0.265170 2.343767
LANDMARK 78 1 1.129450 2.103586
VERTEX_SE2 79 -0.147643 0.000000 0.000000 0.394694 0.273777 0.104210
LANDMARK 79 0 -0.668376 1.243830
LANDMARK 79 2 0.223583 2.558479
LANDMARK 79 1 1.024012 2.204738
VERTEX_SE2 80 -0.144931 0.000000 0.000000 0.250549 0.258701 0.104210
LANDMARK 80 0 -0.637324 1.289573
LANDMARK 80 2 0.214150 2.626914
LANDMARK 80 1 0.994914 2.224738
VERTEX_SE2 81 -0.114633 0.000000 0.000000 0.136537 0.246777 0.104210
LANDMARK 81 0 -0.571671 1.448924
LANDMARK 81 1 0.916914 2.332323
VERTEX_SE2 82 0.116465 0.004467 0.076762 0.251906 0.263335 0.180973
LANDMARK 82 0 -0.598836 1.393061
LANDMARK 82 1 0.930928 2.302329
VERTEX_SE2 83 0.127924 0.002899 0.068079 0.377219 0.289211 0.249052
LANDMARK 83 0 -0.713768 1.283193
LANDMARK 83 2 0.138318 2.621813
LANDMARK 83 1 0.921500 2.229268
VERTEX_SE2 84 0.144124 0.003686 0.076710 0.515988 0.328308 0.325762
LANDMARK 84 0 -0.895564 1.159204
LANDMARK 84 2 0.065679 2.428659
LANDMARK 84 1 0.904228 2.129171
VERTEX_SE2 85 0.150600 0.004025 0.080161 0.657380 0.380318 0.405924
LANDMARK 85 0 -1.081302 1.057767
LANDMARK 85 2 -0.006463 2.292913
LANDMARK 85 1 0.888780 2.038549
VERTEX_SE2 86 0.102292 0.001392 0.054426 0.750810 0.421989 0.460349
LANDMARK 86 0 -1.221700 1.013464
LANDMARK 86 2 -0.061116 2.178951
LANDMARK 86 1 0.878191 1.953234
VERTEX_SE2 87 0.102049 0.001385 0.054296 0.841621 0.468567 0.514646
LANDMARK 87 0 -1.373244 0.986634
LANDMARK 87 2 -0.118910 2.062163
LANDMARK 87 1 0.867553 1.881691
VERTEX_SE2 88 0.102717 0.001403 0.054652 0.930342 0.520348 0.569298
LANDMARK 88 0 -1.487099 0.975263
LANDMARK 88 2 -0.162601 1.991611
LANDMARK 88 1 0.859033 1.824487
VERTEX_SE2 89 0.102594 0.001400 0.054586 1.016000 0.576830 0.623884
LANDMARK 89 0 -1.683264 0.982029
LANDMARK 89 2 -0.242421 1.853185
LANDMARK 89 1 0.846676 1.732483
VERTEX_SE2 90 0.102040 -0.000000 -0.003829 1.098817 0.636441 0.620054
LANDMARK 90 0 -1.874872 1.008274
LANDMARK 90 2 -0.327451 1.717929
LANDMARK 90 1 0.834613 1.648527
VERTEX_SE2 91 0.101778 -0.000222 -0.008749 1.181778 0.695401 0.611305
LANDMARK 91 0 -2.012402 1.032577
LANDMARK 91 2 -0.399220 1.617672
LANDMARK 91 1 0.831141 1.572221
VERTEX_SE2 92 0.102342 -0.000225 -0.008797 1.265715 0.753955 0.602508
LANDMARK 92 0 -2.139860 1.120134
LANDMARK 92 2 -0.446057 1.546014
LANDMARK 92 1 0.866124 1.501254
VERTEX_SE2 93 0.101663 -0.000222 -0.008739 1.349602 0.811385 0.593769
LANDMARK 93 2 -0.471866 1.469663
LANDMARK 93 1 0.904855 1.459511
