\VERTEX_SE2 0 0.110013 0.000000 0.000000 0.110013 0.000000 0.000000
LANDMARK 0 0 -0.391132 1.759802
LANDMARK 0 1 0.291411 2.272862
LANDMARK 0 2 0.836927 1.731711
VERTEX_SE2 1 0.114120 0.000000 0.000000 0.224132 0.000000 0.000000
LANDMARK 1 0 -0.424602 1.644448
LANDMARK 1 1 0.305072 2.147828
LANDMARK 1 2 0.891220 1.634352
VERTEX_SE2 2 0.110095 -0.000000 0.000000 0.334227 0.000000 0.000000
LANDMARK 2 0 -0.448628 1.555188
LANDMARK 2 1 0.317809 2.059124
LANDMARK 2 2 0.935460 1.579260
VERTEX_SE2 3 0.135968 0.000000 0.000000 0.470195 0.000000 0.000000
LANDMARK 3 0 -0.492043 1.435268
LANDMARK 3 1 0.337746 1.930055
LANDMARK 3 3 0.839837 2.682264
LANDMARK 3 2 0.619562 1.512845
VERTEX_SE2 4 0.118393 0.000000 0.000000 0.588588 0.000001 0.000000
LANDMARK 4 0 -0.539765 1.319348
LANDMARK 4 1 0.359040 1.802707
LANDMARK 4 3 0.872180 2.584509
LANDMARK 4 2 1.076275 1.448803
VERTEX_SE2 5 0.121546 -0.000000 0.000000 0.710134 0.000000 0.000000
LANDMARK 5 0 -0.587317 1.223550
LANDMARK 5 1 0.381385 1.681478
LANDMARK 5 3 0.910833 2.515712
LANDMARK 5 2 1.150812 1.400970
VERTEX_SE2 6 0.145028 -0.000000 0.000000 0.855162 0.000000 0.000000
LANDMARK 6 0 -0.655038 1.124796
LANDMARK 6 1 0.409716 1.568885
LANDMARK 6 3 0.949972 2.439592
LANDMARK 6 2 1.235030 1.350686
VERTEX_SE2 7 0.146035 0.000000 0.000000 1.001197 0.000000 0.000000
LANDMARK 7 0 -0.732936 1.016826
LANDMARK 7 4 -0.586498 2.639497
LANDMARK 7 5 -0.191472 2.705721
LANDMARK 7 1 0.274489 1.448508
LANDMARK 7 3 0.640098 2.359051
LANDMARK 7 2 0.774217 1.318988
VERTEX_SE2 8 0.121311 -0.000000 0.000000 1.122508 -0.000000 0.000000
LANDMARK 8 0 -0.836832 0.915800
LANDMARK 8 4 -0.623678 2.528766
LANDMARK 8 5 -0.204599 2.581645
LANDMARK 8 1 0.488482 1.323362
LANDMARK 8 3 1.044485 2.269762
LANDMARK 8 2 1.434395 1.286534
VERTEX_SE2 9 0.121517 -0.000666 -0.017000 1.244025 -0.000666 -0.017000
LANDMARK 9 0 -0.931799 0.853204
LANDMARK 9 4 -0.649035 2.431424
LANDMARK 9 5 -0.213965 2.470175
LANDMARK 9 1 0.525277 1.228278
LANDMARK 9 3 1.084848 2.233479
LANDMARK 9 2 1.515648 1.280950
VERTEX_SE2 10 0.125636 -0.002034 -0.047526 1.369608 -0.004835 -0.064526
LANDMARK 10 0 -1.041395 0.785683
LANDMARK 10 4 -0.667176 2.334915
LANDMARK 10 5 -0.212065 2.338288
LANDMARK 10 1 0.593782 1.119178
LANDMARK 10 3 1.147905 2.162335
LANDMARK 10 2 1.623870 1.281134
VERTEX_SE2 11 0.126652 -0.002879 -0.055993 1.495811 -0.015874 -0.120518
LANDMARK 11 0 -1.155576 0.724138
LANDMARK 11 4 -0.657519 2.216291
LANDMARK 11 5 -0.178478 2.208911
LANDMARK 11 1 0.714540 1.014625
LANDMARK 11 6 1.254037 2.114091
LANDMARK 11 2 1.772290 1.289261
VERTEX_SE2 12 0.110893 -0.000000 0.000000 1.605900 -0.029207 -0.120518
LANDMARK 12 0 -1.279545 0.684245
LANDMARK 12 4 -0.661499 2.124438
LANDMARK 12 5 -0.156426 2.089399
LANDMARK 12 1 0.829625 0.931342
LANDMARK 12 6 1.337179 2.090542
LANDMARK 12 2 1.888283 1.316424
VERTEX_SE2 13 0.114631 0.000000 0.000000 1.719699 -0.042988 -0.120518
LANDMARK 13 0 -1.424727 0.663325
LANDMARK 13 4 -0.690418 2.057359
LANDMARK 13 5 -0.163307 1.995410
LANDMARK 13 1 0.913532 0.864808
LANDMARK 13 6 1.385244 2.073534
LANDMARK 13 2 1.957660 1.342814
VERTEX_SE2 14 0.121280 0.000000 0.000000 1.840099 -0.057569 -0.120518
LANDMARK 14 0 -1.555608 0.657705
LANDMARK 14 4 -0.717936 1.990129
LANDMARK 14 5 -0.168516 1.895954
LANDMARK 14 1 0.998877 0.814558
LANDMARK 14 6 1.428320 2.056899
LANDMARK 14 2 2.017956 1.379699
VERTEX_SE2 15 0.122488 -0.000000 0.000000 1.961698 -0.072296 -0.120518
LANDMARK 15 0 -1.755578 0.663914
LANDMARK 15 4 -0.763403 1.883579
LANDMARK 15 5 -0.180180 1.767469
LANDMARK 15 1 1.146777 0.755162
LANDMARK 15 6 1.493921 2.051172
LANDMARK 15 2 2.097825 1.428512
VERTEX_SE2 16 0.109204 0.000000 0.000000 2.070110 -0.085425 -0.120518
LANDMARK 16 0 -1.894966 0.668158
LANDMARK 16 4 -0.803158 1.797611
LANDMARK 16 5 -0.191268 1.659166
LANDMARK 16 7 0.445410 2.636771
LANDMARK 16 1 0.281058 0.717912
VERTEX_SE2 17 0.041617 0.000000 0.002921 2.111425 -0.090428 -0.117598
LANDMARK 17 0 -1.964428 0.691709
LANDMARK 17 4 -0.819819 1.764527
LANDMARK 17 5 -0.195575 1.609135
LANDMARK 17 7 0.454508 2.589436
LANDMARK 17 1 1.339573 0.705958
VERTEX_SE2 18 0.020973 -0.000000 0.003675 2.132253 -0.092889 -0.113923
LANDMARK 18 0 -1.958029 0.681190
LANDMARK 18 4 -0.822887 1.756441
LANDMARK 18 5 -0.198153 1.607101
LANDMARK 18 7 0.454548 2.575398
LANDMARK 18 1 1.352199 0.707173
VERTEX_SE2 19 0.022767 -0.000000 0.003989 2.154872 -0.095477 -0.109935
LANDMARK 19 0 -2.011283 0.703751
LANDMARK 19 4 -0.834202 1.756367
LANDMARK 19 5 -0.200414 1.580638
LANDMARK 19 7 0.455758 2.562610
LANDMARK 19 1 1.378369 0.700138
VERTEX_SE2 20 0.024233 -0.000000 0.006571 2.178960 -0.098136 -0.103363
LANDMARK 20 0 -2.022743 0.706674
LANDMARK 20 4 -0.842612 1.729987
LANDMARK 20 5 -0.203811 1.567814
LANDMARK 20 7 0.459952 2.537118
LANDMARK 20 1 1.410191 0.699745
VERTEX_SE2 21 0.024667 0.000000 0.014294 2.203495 -0.100681 -0.089069
LANDMARK 21 0 -2.067459 0.726925
LANDMARK 21 4 -0.856048 1.713161
LANDMARK 21 5 -0.209047 1.542175
LANDMARK 21 7 0.462112 2.521556
LANDMARK 21 1 1.440729 0.695884
VERTEX_SE2 22 0.025069 0.000000 0.026050 2.228465 -0.102911 -0.063020
LANDMARK 22 4 -0.720471 1.700602
LANDMARK 22 5 -0.145034 1.517274
LANDMARK 22 7 1.509349 2.489273
LANDMARK 22 1 1.440579 0.692575
VERTEX_SE2 23 0.025037 -0.000000 0.026906 2.253452 -0.104488 -0.036114
LANDMARK 23 4 -0.897577 1.674026
LANDMARK 23 5 -0.231132 1.478208
LANDMARK 23 7 0.460058 2.460187
LANDMARK 23 1 1.516285 0.683831
VERTEX_SE2 24 0.050999 0.000710 0.055730 2.304443 -0.105619 0.019616
LANDMARK 24 4 -0.948699 1.639403
LANDMARK 24 5 -0.268548 1.431105
LANDMARK 24 7 0.436016 2.412046
LANDMARK 24 1 1.549621 0.680990
VERTEX_SE2 25 0.023788 -0.000000 0.025989 2.328226 -0.105153 0.045605
LANDMARK 25 4 -0.969229 1.628352
LANDMARK 25 5 -0.285946 1.419079
LANDMARK 25 7 0.424562 2.410265
LANDMARK 25 8 0.854079 2.636312
LANDMARK 25 9 1.596578 2.025540
LANDMARK 25 1 0.375040 0.681897
VERTEX_SE2 26 0.024654 0.000000 0.026936 2.352854 -0.104029 0.072541
LANDMARK 26 4 -1.007519 1.614408
LANDMARK 26 5 -0.318554 1.396175
LANDMARK 26 7 0.400340 2.384192
LANDMARK 26 8 0.834445 2.623911
LANDMARK 26 9 1.585166 2.045622
LANDMARK 26 1 1.560222 0.689221
VERTEX_SE2 27 0.024424 0.000000 0.026684 2.377214 -0.102258 0.099225
LANDMARK 27 4 -1.047328 1.607318
LANDMARK 27 5 -0.348480 1.370550
LANDMARK 27 7 0.379987 2.354931
LANDMARK 27 8 0.814786 2.604107
LANDMARK 27 9 1.568908 2.039901
LANDMARK 27 1 1.566543 0.684585
VERTEX_SE2 28 0.024578 0.000000 0.026853 2.401672 -0.099824 0.126078
LANDMARK 28 4 -1.086661 1.592429
LANDMARK 28 5 -0.381321 1.356626
LANDMARK 28 7 0.356476 2.345288
LANDMARK 28 8 0.794643 2.587425
LANDMARK 28 9 1.555740 2.044343
LANDMARK 28 1 1.574855 0.687021
VERTEX_SE2 29 0.024135 0.000000 0.026368 2.425615 -0.096789 0.152447
LANDMARK 29 4 -1.123828 1.582757
LANDMARK 29 5 -0.415487 1.330496
LANDMARK 29 7 0.333943 2.309831
LANDMARK 29 8 0.774929 2.572277
LANDMARK 29 9 1.538489 2.047243
LANDMARK 29 1 1.579237 0.681220
VERTEX_SE2 30 0.024125 -0.000000 0.026358 2.449461 -0.093125 0.178805
LANDMARK 30 4 -1.145427 1.576756
LANDMARK 30 5 -0.431499 1.324253
LANDMARK 30 7 0.322615 2.297085
LANDMARK 30 8 0.765895 2.563748
LANDMARK 30 9 1.532785 2.051919
LANDMARK 30 1 1.586342 0.688209
VERTEX_SE2 31 0.024581 -0.000000 0.026856 2.473650 -0.088753 0.205661
LANDMARK 31 4 -1.226754 1.557840
LANDMARK 31 5 -0.500541 1.281117
LANDMARK 31 7 0.274730 2.251292
LANDMARK 31 8 0.723332 2.524512
LANDMARK 31 9 1.502209 2.047468
LANDMARK 31 1 1.598309 0.688297
LANDMARK 31 10 2.115875 1.761432
VERTEX_SE2 32 0.025171 -0.000000 0.027500 2.498290 -0.083613 0.233161
LANDMARK 32 4 -1.267713 1.551379
LANDMARK 32 5 -0.536102 1.260109
LANDMARK 32 7 0.251230 2.238777
LANDMARK 32 8 0.703322 2.503110
LANDMARK 32 9 1.486364 2.043174
LANDMARK 32 1 1.604852 0.684138
LANDMARK 32 10 2.104209 1.775634
VERTEX_SE2 33 0.023765 0.000000 0.025964 2.521412 -0.078122 0.259125
LANDMARK 33 4 -1.327983 1.539136
LANDMARK 33 5 -0.590990 1.230971
LANDMARK 33 7 0.213831 2.205641
LANDMARK 33 8 0.671674 2.487381
LANDMARK 33 9 1.464854 2.037768
LANDMARK 33 1 1.614184 0.690734
LANDMARK 33 10 2.079354 1.797462
VERTEX_SE2 34 0.024619 -0.000000 0.026898 2.545209 -0.071814 0.286023
LANDMARK 34 4 -1.370014 1.533918
LANDMARK 34 5 -0.629475 1.210959
LANDMARK 34 7 0.190808 2.176078
LANDMARK 34 8 0.650962 2.461968
LANDMARK 34 9 1.449949 2.034564
LANDMARK 34 1 1.621069 0.694017
LANDMARK 34 10 2.063769 1.799014
VERTEX_SE2 35 0.024995 -0.000000 0.030024 2.569188 -0.064762 0.316047
LANDMARK 35 4 -1.392031 1.537392
LANDMARK 35 5 -0.651210 1.201571
LANDMARK 35 7 0.176113 2.175564
LANDMARK 35 8 0.641260 2.444911
LANDMARK 35 9 1.439467 2.029011
LANDMARK 35 1 1.625860 0.694688
LANDMARK 35 10 2.055940 1.803070
VERTEX_SE2 36 0.025679 -0.000000 0.035160 2.593596 -0.056781 0.351207
LANDMARK 36 4 -1.415687 1.530431
LANDMARK 36 5 -0.672575 1.191301
LANDMARK 36 7 0.162351 2.148118
LANDMARK 36 8 0.627944 2.442850
LANDMARK 36 9 1.431879 2.035929
LANDMARK 36 1 1.627815 0.695260
LANDMARK 36 10 2.045987 1.810220
VERTEX_SE2 37 0.024546 -0.000000 0.036453 2.616643 -0.048336 0.387659
LANDMARK 37 4 -1.438978 1.531755
LANDMARK 37 5 -0.691202 1.182571
LANDMARK 37 7 0.151119 2.139094
LANDMARK 37 8 0.618032 2.428601
LANDMARK 37 9 1.425217 2.042913
LANDMARK 37 1 1.632486 0.695414
LANDMARK 37 10 2.040577 1.824826
VERTEX_SE2 38 0.024759 0.000000 0.036770 2.639565 -0.038977 0.424429
LANDMARK 38 4 -1.478473 1.530738
LANDMARK 38 5 -0.732125 1.169214
LANDMARK 38 7 0.124575 2.116869
LANDMARK 38 8 0.596638 2.404132
LANDMARK 38 9 1.411956 2.017327
LANDMARK 38 1 1.639153 0.694701
LANDMARK 38 10 2.022816 1.836596
VERTEX_SE2 39 0.024204 0.000000 0.036421 2.661621 -0.029009 0.460850
LANDMARK 39 4 -1.587933 1.527997
LANDMARK 39 5 -0.835912 1.118465
LANDMARK 39 7 0.056597 2.059519
LANDMARK 39 8 0.539290 2.353243
LANDMARK 39 9 1.366138 2.013459
LANDMARK 39 1 1.646013 0.700549
LANDMARK 39 10 1.980079 1.854752
VERTEX_SE2 40 0.024349 -0.000000 0.036639 2.683430 -0.018181 0.497489
LANDMARK 40 4 -1.611061 1.534062
LANDMARK 40 5 -0.860429 1.113966
LANDMARK 40 7 0.039745 2.051341
LANDMARK 40 8 0.524985 2.344489
LANDMARK 40 9 1.354652 2.011561
LANDMARK 40 1 1.643714 0.695059
LANDMARK 40 10 1.972250 1.861274
VERTEX_SE2 41 0.023900 -0.000000 0.035964 2.704434 -0.006775 0.533453
LANDMARK 41 4 -1.635720 1.533502
LANDMARK 41 5 -0.886504 1.107216
LANDMARK 41 7 0.024437 2.034357
LANDMARK 41 8 0.510558 2.338425
LANDMARK 41 9 1.343978 2.008291
LANDMARK 41 1 1.642239 0.699693
LANDMARK 41 10 1.960495 1.857445
VERTEX_SE2 42 0.024706 -0.000000 0.037177 2.725707 0.005788 0.570630
LANDMARK 42 4 -1.686187 1.532373
LANDMARK 42 5 -0.936181 1.095758
LANDMARK 42 7 -0.010729 2.011851
LANDMARK 42 8 0.479715 2.315365
LANDMARK 42 9 1.320634 1.993976
LANDMARK 42 1 1.636707 0.700026
VERTEX_SE2 43 0.023939 0.000000 0.036022 2.745853 0.018719 0.606652
LANDMARK 43 4 -1.734219 1.537615
LANDMARK 43 5 -0.987110 1.079681
LANDMARK 43 7 -0.046845 1.987210
LANDMARK 43 8 0.450562 2.287207
LANDMARK 43 9 1.297499 1.986754
LANDMARK 43 1 1.635369 0.700899
VERTEX_SE2 44 0.024561 0.000000 0.036958 2.766032 0.032722 0.643610
LANDMARK 44 4 -1.854681 1.550087
LANDMARK 44 5 -1.118574 1.057885
LANDMARK 44 7 -0.132053 1.928076
LANDMARK 44 8 0.377374 2.234216
LANDMARK 44 9 1.240069 1.984902
LANDMARK 44 1 1.634794 0.707235
VERTEX_SE2 45 0.049428 0.000914 0.074403 2.805022 0.063113 0.718013
LANDMARK 45 4 -1.926933 1.568521
LANDMARK 45 5 -1.199904 1.039209
LANDMARK 45 7 -0.184719 1.889763
LANDMARK 45 8 0.332988 2.213149
LANDMARK 45 9 1.207285 1.965281
LANDMARK 45 1 1.631390 0.711231
VERTEX_SE2 46 0.025901 0.000000 0.038975 2.824529 0.080154 0.756988
LANDMARK 46 4 -1.950055 1.565255
LANDMARK 46 5 -1.223425 1.031024
LANDMARK 46 7 -0.204292 1.880436
LANDMARK 46 8 0.318036 2.204235
LANDMARK 46 9 1.196050 1.963911
LANDMARK 46 1 1.630248 0.711935
VERTEX_SE2 47 0.024233 0.000000 0.036464 2.842144 0.096795 0.793452
LANDMARK 47 4 -2.017504 1.586118
LANDMARK 47 5 -1.307164 1.024906
LANDMARK 47 7 -0.255094 1.842650
LANDMARK 47 8 0.272976 2.169412
LANDMARK 47 9 1.164052 1.954481
LANDMARK 47 1 1.629042 0.712509
VERTEX_SE2 48 0.048069 0.000869 0.072355 2.875239 0.131667 0.865807
LANDMARK 48 4 -2.064162 1.594460
LANDMARK 48 5 -1.361044 1.021628
LANDMARK 48 7 -0.292412 1.828008
LANDMARK 48 8 0.242512 2.150444
LANDMARK 48 9 1.142736 1.941312
LANDMARK 48 1 1.627490 0.716290
VERTEX_SE2 49 0.025848 0.000000 0.038894 2.891989 0.151353 0.904702
LANDMARK 49 4 -2.110808 1.618326
LANDMARK 49 5 -1.417536 1.016907
LANDMARK 49 7 -0.330442 1.800084
LANDMARK 49 8 0.212856 2.122931
LANDMARK 49 9 1.119030 1.927980
LANDMARK 49 1 1.623060 0.716046
VERTEX_SE2 50 0.024749 -0.000000 0.037241 2.907283 0.170812 0.941943
LANDMARK 50 5 -0.545578 1.014354
LANDMARK 50 7 -0.302038 1.784645
LANDMARK 50 8 0.395270 2.105575
LANDMARK 50 9 1.592322 1.927276
LANDMARK 50 1 1.623125 0.715123
VERTEX_SE2 51 0.025369 -0.000000 0.038174 2.922205 0.191329 0.980117
LANDMARK 51 5 -1.539033 1.010442
LANDMARK 51 7 -0.414366 1.752253
LANDMARK 51 8 0.140425 2.076919
LANDMARK 51 9 1.064703 1.911113
LANDMARK 51 1 1.614449 0.718061
