VERTEX_SE2 0 0.109358 0.000001 0.000000 0.109358 0.000001 0.000000
LANDMARK 0 0 -0.389920 1.721662
VERTEX_SE2 1 0.107125 -0.000000 0.000000 0.216483 0.000000 0.000000
LANDMARK 1 0 -0.412913 1.625897
LANDMARK 1 1 0.871839 2.582883
VERTEX_SE2 2 0.119848 0.000000 0.000000 0.336331 0.000000 0.000000
LANDMARK 2 0 -0.453521 1.515381
LANDMARK 2 1 0.910638 2.510457
VERTEX_SE2 3 0.100369 -0.000000 0.000000 0.436700 0.000000 0.000000
LANDMARK 3 0 -0.485660 1.411749
LANDMARK 3 1 0.944708 2.444954
VERTEX_SE2 4 0.102052 0.000000 0.000000 0.538752 0.000001 0.000000
LANDMARK 4 0 -0.507806 1.344984
LANDMARK 4 1 0.968329 2.403781
VERTEX_SE2 5 0.114203 -0.000000 0.000000 0.652955 0.000000 0.000000
LANDMARK 5 0 -0.562132 1.232180
LANDMARK 5 2 0.249858 2.666075
LANDMARK 5 1 1.012555 2.332630
VERTEX_SE2 6 0.101393 -0.000000 0.000000 0.754348 -0.000000 0.000000
LANDMARK 6 0 -0.602642 1.146867
LANDMARK 6 2 0.258807 2.568269
LANDMARK 6 1 1.047282 2.284044
VERTEX_SE2 7 0.104397 -0.000000 0.000000 0.858745 -0.000000 0.000000
LANDMARK 7 0 -0.656867 1.057333
LANDMARK 7 2 0.269179 2.473024
LANDMARK 7 1 1.085579 2.238622
VERTEX_SE2 8 0.110967 -0.000000 0.000000 0.969712 -0.000000 0.000000
LANDMARK 8 0 -0.715654 0.980976
LANDMARK 8 2 0.280371 2.364933
LANDMARK 8 1 1.124125 2.202332
VERTEX_SE2 9 0.114271 -0.000000 0.000000 1.083983 -0.000001 0.000000
LANDMARK 9 0 -0.811179 0.883811
LANDMARK 9 2 0.297022 2.250411
LANDMARK 9 1 1.180321 2.156999
VERTEX_SE2 10 0.101224 -0.000000 0.000000 1.185207 -0.000001 0.000000
LANDMARK 10 0 -0.903147 0.803276
LANDMARK 10 2 0.312541 2.141600
LANDMARK 10 1 1.226119 2.112537
VERTEX_SE2 11 0.111649 0.000000 0.000000 1.296856 -0.000001 0.000000
LANDMARK 11 0 -1.008741 0.748124
LANDMARK 11 2 0.324411 2.043176
LANDMARK 11 1 1.269561 2.080548
VERTEX_SE2 12 0.100040 -0.000000 0.000000 1.396896 -0.000001 0.000000
LANDMARK 12 0 -1.124722 0.697686
LANDMARK 12 2 0.342443 1.939161
LANDMARK 12 1 1.316964 2.056062
VERTEX_SE2 13 0.107983 -0.000000 0.000000 1.504880 -0.000001 0.000000
LANDMARK 13 0 -1.247538 0.643953
LANDMARK 13 2 0.359731 1.845057
LANDMARK 13 1 1.362010 2.027994
VERTEX_SE2 14 0.102852 -0.000000 0.000000 1.607732 -0.000001 0.000000
LANDMARK 14 0 -1.399142 0.622688
LANDMARK 14 2 0.380792 1.729480
LANDMARK 14 1 1.408885 2.026975
VERTEX_SE2 15 0.115179 0.000000 0.000000 1.722911 -0.000001 0.000000
LANDMARK 15 0 -1.612255 0.610506
LANDMARK 15 2 0.410589 1.607575
LANDMARK 15 1 1.473759 2.005532
VERTEX_SE2 16 0.111668 0.000000 0.000000 1.834578 -0.000001 0.000000
LANDMARK 16 0 -1.773595 0.620275
LANDMARK 16 2 0.436499 1.530635
LANDMARK 16 1 1.522528 2.000703
VERTEX_SE2 17 0.109000 0.000000 0.000000 1.943578 -0.000001 0.000000
LANDMARK 17 0 -1.956261 0.647767
LANDMARK 17 2 0.473676 1.430611
LANDMARK 17 1 1.580294 2.002053
VERTEX_SE2 18 0.108976 -0.000000 0.000000 2.052555 -0.000001 0.000000
LANDMARK 18 0 -1.918994 0.651386
LANDMARK 18 2 0.503437 1.349466
LANDMARK 18 1 1.623945 2.001149
VERTEX_SE2 19 0.108971 0.000000 0.000000 2.161526 -0.000001 0.000000
LANDMARK 19 3 -0.303139 2.621961
LANDMARK 19 2 0.546804 1.255123
LANDMARK 19 1 1.679463 2.024870
VERTEX_SE2 20 0.108799 -0.000000 0.000000 2.270325 -0.000001 0.000000
LANDMARK 20 3 -0.315362 2.517492
LANDMARK 20 2 0.585568 1.156488
LANDMARK 20 1 1.722982 2.040806
VERTEX_SE2 21 0.111113 -0.000000 0.000000 2.381438 -0.000001 0.000000
LANDMARK 21 3 -0.328713 2.427898
LANDMARK 21 2 0.646923 1.082732
LANDMARK 21 1 1.775420 2.072159
VERTEX_SE2 22 0.110187 -0.000000 0.000000 2.491624 -0.000001 0.000000
LANDMARK 22 3 -0.345606 2.324458
LANDMARK 22 2 0.710787 0.995804
LANDMARK 22 1 1.825616 2.084320
VERTEX_SE2 23 0.107266 -0.000000 0.000000 2.598890 -0.000001 0.000000
LANDMARK 23 3 -0.361232 2.207243
LANDMARK 23 2 0.787179 0.919712
LANDMARK 23 1 1.872795 2.121387
VERTEX_SE2 24 0.106011 0.000000 0.000000 2.704901 -0.000001 0.000000
LANDMARK 24 3 -0.380216 2.116710
LANDMARK 24 2 0.878396 0.842636
LANDMARK 24 1 1.918584 2.158082
VERTEX_SE2 25 0.104720 0.000000 0.000000 2.809621 -0.000001 0.000000
LANDMARK 25 3 -0.399199 2.019627
LANDMARK 25 2 0.973077 0.781395
LANDMARK 25 1 1.960883 2.184160
VERTEX_SE2 26 0.104023 0.000000 0.000000 2.913644 -0.000001 0.000000
LANDMARK 26 3 -0.416851 1.918197
LANDMARK 26 2 1.073592 0.744383
LANDMARK 26 1 1.993090 2.235118
VERTEX_SE2 27 0.105967 -0.000000 0.000000 3.019611 -0.000001 0.000000
LANDMARK 27 3 -0.436797 1.829335
LANDMARK 27 2 1.185641 0.701123
LANDMARK 27 1 2.031709 2.281620
VERTEX_SE2 28 0.105755 -0.000000 0.000000 3.125365 -0.000001 0.000000
LANDMARK 28 3 -0.466697 1.706544
LANDMARK 28 4 0.935776 2.577982
LANDMARK 28 2 1.355076 0.676894
LANDMARK 28 1 2.075243 2.342648
VERTEX_SE2 29 0.103278 -0.000000 0.000000 3.228643 -0.000001 0.000000
LANDMARK 29 3 -0.492638 1.630707
LANDMARK 29 4 0.964849 2.533108
LANDMARK 29 2 1.486658 0.659666
LANDMARK 29 1 2.108809 2.396170
VERTEX_SE2 30 0.100083 0.000000 0.000000 3.328726 -0.000001 0.000000
LANDMARK 30 3 -0.518398 1.553753
LANDMARK 30 4 0.991321 2.483031
LANDMARK 30 2 1.613800 0.656776
VERTEX_SE2 31 0.118917 -0.000000 0.000000 3.447643 -0.000001 0.000000
LANDMARK 31 3 -0.562053 1.444607
LANDMARK 31 4 1.035252 2.419649
LANDMARK 31 2 1.790467 0.681990
VERTEX_SE2 32 0.100321 0.000000 0.000000 3.547964 -0.000001 0.000000
LANDMARK 32 3 -0.601005 1.360458
LANDMARK 32 4 1.069896 2.366319
LANDMARK 32 2 1.908488 0.699500
VERTEX_SE2 33 0.103284 0.000000 0.000000 3.651248 -0.000001 0.000000
LANDMARK 33 3 -0.672990 1.223792
LANDMARK 33 4 1.129776 2.299901
VERTEX_SE2 34 -0.104636 0.000000 0.000000 3.546612 -0.000001 0.000000
LANDMARK 34 3 -0.631842 1.289549
LANDMARK 34 4 1.089103 2.340543
LANDMARK 34 2 1.986181 0.737408
VERTEX_SE2 35 -0.106529 -0.000000 0.000000 3.440083 -0.000001 0.000000
LANDMARK 35 3 -0.593249 1.378772
LANDMARK 35 4 1.054095 2.387412
LANDMARK 35 2 1.870903 0.699119
VERTEX_SE2 36 -0.107516 0.000000 0.000000 3.332566 -0.000001 0.000000
LANDMARK 36 3 -0.554658 1.478207
LANDMARK 36 4 1.019060 2.435130
LANDMARK 36 2 1.731124 0.679991
VERTEX_SE2 37 -0.104699 0.000000 0.000000 3.227868 -0.000001 0.000000
LANDMARK 37 3 -0.517893 1.548550
LANDMARK 37 4 0.989203 2.496008
LANDMARK 37 2 1.601056 0.668287
VERTEX_SE2 38 -0.106400 0.000000 0.000000 3.121467 -0.000000 0.000000
LANDMARK 38 3 -0.479225 1.651313
LANDMARK 38 4 0.953659 2.567866
LANDMARK 38 2 1.429850 0.673197
LANDMARK 38 1 2.090387 2.383207
VERTEX_SE2 39 -0.105482 -0.000000 0.000000 3.015985 -0.000001 0.000000
LANDMARK 39 3 -0.452930 1.736001
LANDMARK 39 4 0.923772 2.623144
LANDMARK 39 2 1.303087 0.693561
LANDMARK 39 1 2.058769 2.340820
VERTEX_SE2 40 -0.101629 -0.000000 0.000000 2.914356 -0.000001 0.000000
LANDMARK 40 3 -0.430485 1.834465
LANDMARK 40 2 1.187879 0.722894
LANDMARK 40 1 2.024201 2.291954
VERTEX_SE2 41 -0.111253 0.000000 0.000000 2.803103 -0.000001 0.000000
LANDMARK 41 3 -0.401279 1.935715
LANDMARK 41 2 1.065137 0.765626
LANDMARK 41 1 1.986963 2.242787
VERTEX_SE2 42 -0.113266 0.000001 0.000000 2.689837 0.000000 0.000000
LANDMARK 42 3 -0.377353 2.044892
LANDMARK 42 2 0.958074 0.820199
LANDMARK 42 1 1.947973 2.195611
VERTEX_SE2 43 -0.113930 0.000000 0.000000 2.575907 0.000000 0.000000
LANDMARK 43 3 -0.350882 2.153010
LANDMARK 43 2 0.867455 0.890705
LANDMARK 43 1 1.909847 2.176481
VERTEX_SE2 44 -0.112615 -0.000000 0.000000 2.463292 0.000000 0.000000
LANDMARK 44 3 -0.326931 2.269411
LANDMARK 44 2 0.779690 0.969368
LANDMARK 44 1 1.859713 2.121204
VERTEX_SE2 45 -0.104206 -0.000000 0.000000 2.359086 -0.000000 0.000000
LANDMARK 45 3 -0.308459 2.345174
LANDMARK 45 2 0.721673 1.040850
LANDMARK 45 1 1.821296 2.099796
VERTEX_SE2 46 -0.110764 0.000000 0.000000 2.248322 0.000000 0.000000
LANDMARK 46 3 -0.292100 2.457238
LANDMARK 46 2 0.661787 1.123012
LANDMARK 46 1 1.775183 2.077540
VERTEX_SE2 47 -0.110595 -0.000000 0.000000 2.137727 0.000000 0.000000
LANDMARK 47 3 -0.274246 2.572778
LANDMARK 47 2 0.610131 1.214877
LANDMARK 47 1 1.725674 2.048278
VERTEX_SE2 48 -0.112755 0.000000 0.000000 2.024973 0.000000 0.000000
LANDMARK 48 3 -0.256141 2.686926
LANDMARK 48 2 0.570975 1.311467
LANDMARK 48 1 1.681626 2.047968
VERTEX_SE2 49 -0.114644 0.000000 0.000000 1.910329 0.000001 0.000000
LANDMARK 49 0 -2.074962 0.680613
LANDMARK 49 2 0.535704 1.402527
LANDMARK 49 1 1.635699 2.022585
VERTEX_SE2 50 -0.116559 -0.000000 0.000000 1.793770 0.000000 0.000000
LANDMARK 50 0 -1.818795 0.611079
LANDMARK 50 2 0.501633 1.505044
LANDMARK 50 1 1.584124 2.019942
VERTEX_SE2 51 -0.105139 -0.000000 0.000000 1.688631 0.000000 0.000000
LANDMARK 51 0 -1.647341 0.600690
LANDMARK 51 2 0.474467 1.586073
LANDMARK 51 1 1.538643 2.016390
VERTEX_SE2 52 -0.100799 -0.000000 0.000000 1.587831 -0.000000 0.000000
LANDMARK 52 0 -1.469348 0.604936
LANDMARK 52 2 0.452212 1.682131
LANDMARK 52 1 1.490954 2.025033
VERTEX_SE2 53 -0.100219 -0.000000 0.000000 1.487612 -0.000000 0.000000
LANDMARK 53 0 -1.310180 0.623767
LANDMARK 53 2 0.433733 1.774159
LANDMARK 53 1 1.448444 2.029298
VERTEX_SE2 54 -0.114382 0.000000 0.000000 1.373230 0.000000 0.000000
LANDMARK 54 0 -1.157126 0.656666
LANDMARK 54 2 0.416922 1.870404
LANDMARK 54 1 1.404500 2.053791
VERTEX_SE2 55 -0.111881 0.000000 0.000000 1.261350 0.000000 0.000000
LANDMARK 55 0 -1.009605 0.708761
LANDMARK 55 2 0.401420 1.986995
LANDMARK 55 1 1.359881 2.066779
VERTEX_SE2 56 -0.105701 -0.000000 0.000000 1.155649 -0.000000 0.000000
LANDMARK 56 0 -0.887272 0.775924
LANDMARK 56 2 0.384972 2.087753
LANDMARK 56 1 1.312963 2.100451
VERTEX_SE2 57 -0.108191 -0.000000 0.000000 1.047458 -0.000000 0.000000
LANDMARK 57 0 -0.790520 0.845838
LANDMARK 57 2 0.369943 2.188720
LANDMARK 57 1 1.268427 2.124321
VERTEX_SE2 58 -0.101270 -0.000000 0.000000 0.946188 -0.000001 0.000000
LANDMARK 58 0 -0.715249 0.909264
LANDMARK 58 2 0.361410 2.286192
LANDMARK 58 1 1.236377 2.159657
VERTEX_SE2 59 -0.107430 0.000000 0.000000 0.838758 -0.000001 0.000000
LANDMARK 59 0 -0.643082 0.996615
LANDMARK 59 2 0.353880 2.367526
LANDMARK 59 1 1.199077 2.182539
VERTEX_SE2 60 -0.102874 0.000000 0.000000 0.735884 -0.000000 0.000000
LANDMARK 60 0 -0.584648 1.083525
LANDMARK 60 2 0.344530 2.469437
LANDMARK 60 1 1.163261 2.228552
VERTEX_SE2 61 0.108270 0.009466 0.103889 0.844154 0.009465 0.103889
LANDMARK 61 0 -0.669350 1.047765
LANDMARK 61 2 0.285720 2.421353
LANDMARK 61 1 1.115405 2.206529
VERTEX_SE2 62 0.114544 0.002910 0.060962 0.957779 0.024238 0.164851
LANDMARK 62 0 -0.822052 0.943325
LANDMARK 62 2 0.234155 2.298666
LANDMARK 62 1 1.105373 2.154633
VERTEX_SE2 63 0.117114 0.003042 0.062331 1.072806 0.046458 0.227182
LANDMARK 63 0 -0.963566 0.886226
LANDMARK 63 2 0.189765 2.193063
LANDMARK 63 1 1.093291 2.093893
VERTEX_SE2 64 0.101654 0.002200 0.054095 1.171352 0.071498 0.281277
LANDMARK 64 0 -1.095037 0.834127
LANDMARK 64 2 0.149806 2.108105
LANDMARK 64 1 1.086143 2.061191
VERTEX_SE2 65 0.117046 0.002915 0.062293 1.282990 0.106789 0.343570
LANDMARK 65 0 -1.320720 0.783418
LANDMARK 65 2 0.085218 1.961459
LANDMARK 65 1 1.075471 1.989005
VERTEX_SE2 66 0.100594 0.002020 0.053529 1.377024 0.142575 0.397099
LANDMARK 66 0 -1.497373 0.765232
LANDMARK 66 2 0.036962 1.854244
LANDMARK 66 1 1.067652 1.935979
VERTEX_SE2 67 0.118255 0.002976 0.062937 1.484926 0.191055 0.460036
LANDMARK 67 0 -1.693256 0.776134
LANDMARK 67 2 -0.021055 1.735859
LANDMARK 67 1 1.058485 1.879517
VERTEX_SE2 68 0.103872 0.002297 0.055277 1.576980 0.239230 0.515312
LANDMARK 68 0 -1.873097 0.797363
LANDMARK 68 2 -0.080607 1.633822
LANDMARK 68 1 1.052930 1.825001
VERTEX_SE2 69 0.117477 0.003061 0.062525 1.677693 0.299786 0.577837
LANDMARK 69 0 -2.097808 0.851914
LANDMARK 69 2 -0.156634 1.516568
LANDMARK 69 1 1.047326 1.754591
VERTEX_SE2 70 0.106899 0.002533 0.056890 1.765853 0.360298 0.634727
LANDMARK 70 2 -0.226044 1.420742
LANDMARK 70 1 1.044355 1.696413
VERTEX_SE2 71 0.109852 0.002752 0.058464 1.852677 0.427652 0.693191
LANDMARK 71 2 -0.291876 1.320759
LANDMARK 71 1 1.039523 1.639572
VERTEX_SE2 72 0.107253 0.002229 0.033042 1.933753 0.497900 0.726233
LANDMARK 72 2 -0.391265 1.205483
LANDMARK 72 1 1.039120 1.578988
VERTEX_SE2 73 0.111301 0.000000 0.000000 2.016970 0.571810 0.726233
LANDMARK 73 2 -0.454332 1.108619
LANDMARK 73 1 1.063674 1.530136
VERTEX_SE2 74 0.111277 0.000001 0.000000 2.100170 0.645705 0.726233
LANDMARK 74 2 -0.522551 0.997919
LANDMARK 74 1 1.125029 1.468423
VERTEX_SE2 75 0.100344 -0.000069 -0.004332 2.175241 0.712288 0.721900
LANDMARK 75 2 -0.578956 0.915373
LANDMARK 75 1 1.178076 1.436887
VERTEX_SE2 76 0.100225 0.000000 0.000000 2.250465 0.778518 0.721900
LANDMARK 76 2 -0.643410 0.838161
LANDMARK 76 4 -0.081889 2.639958
LANDMARK 76 1 1.242418 1.406570
VERTEX_SE2 77 0.105622 -0.000000 0.000000 2.329740 0.848314 0.721900
LANDMARK 77 2 -0.708799 0.763073
LANDMARK 77 4 -0.085046 2.556124
LANDMARK 77 1 1.302010 1.386828
VERTEX_SE2 78 0.111943 0.000001 0.000000 2.413759 0.922288 0.721900
LANDMARK 78 2 -0.814474 0.674460
LANDMARK 78 4 -0.090008 2.434353
LANDMARK 78 1 1.385237 1.369280
VERTEX_SE2 79 0.110195 -0.000413 -0.009725 2.496739 0.994796 0.712175
LANDMARK 79 2 -0.940591 0.597629
LANDMARK 79 4 -0.093186 2.316475
LANDMARK 79 1 1.460947 1.352056
VERTEX_SE2 80 0.111962 -0.000224 -0.002689 2.581634 1.067791 0.709486
LANDMARK 80 2 -1.074318 0.541704
LANDMARK 80 4 -0.090870 2.221883
LANDMARK 80 1 1.536877 1.345126
VERTEX_SE2 81 0.106449 -0.000000 0.000000 2.662397 1.137137 0.709486
LANDMARK 81 2 -1.221777 0.494739
LANDMARK 81 4 -0.092357 2.127535
LANDMARK 81 1 1.608532 1.347791
VERTEX_SE2 82 0.105424 0.000000 0.000000 2.742382 1.205815 0.709486
LANDMARK 82 2 -1.431533 0.468185
LANDMARK 82 3 -1.445852 2.518791
LANDMARK 82 4 -0.091832 2.012297
LANDMARK 82 1 1.695454 1.370191
VERTEX_SE2 83 0.104054 -0.000001 0.000000 2.821327 1.273600 0.709486
LANDMARK 83 2 -1.647930 0.460799
LANDMARK 83 3 -1.487486 2.505536
LANDMARK 83 4 -0.095240 1.890522
LANDMARK 83 1 1.764420 1.372048
VERTEX_SE2 84 0.103387 -0.000001 0.000000 2.899767 1.340951 0.709486
LANDMARK 84 2 -1.857825 0.475372
LANDMARK 84 3 -1.526507 2.487522
LANDMARK 84 4 -0.099765 1.781865
LANDMARK 84 1 1.834605 1.398193
VERTEX_SE2 85 0.103320 -0.000000 0.000000 2.978156 1.408258 0.709486
LANDMARK 85 3 -1.578276 2.487978
LANDMARK 85 4 -0.105246 1.660076
LANDMARK 85 1 1.911597 1.438951
VERTEX_SE2 86 0.103430 0.000000 0.000000 3.056628 1.475637 0.709486
LANDMARK 86 3 -1.614207 2.474623
LANDMARK 86 4 -0.109252 1.576620
LANDMARK 86 1 1.969601 1.476995
VERTEX_SE2 87 0.103459 0.000000 0.000000 3.135122 1.543034 0.709486
LANDMARK 87 3 -1.656270 2.498607
LANDMARK 87 4 -0.112599 1.481311
LANDMARK 87 1 2.026950 1.527801
VERTEX_SE2 88 0.103774 -0.000000 0.000000 3.213855 1.610637 0.709486
LANDMARK 88 3 -1.691838 2.502088
LANDMARK 88 4 -0.118068 1.387608
LANDMARK 88 1 2.085080 1.577689
VERTEX_SE2 89 0.103085 0.000000 0.000000 3.292065 1.677791 0.709486
LANDMARK 89 4 -0.124049 1.292940
LANDMARK 89 1 2.125056 1.619276
VERTEX_SE2 90 0.102331 -0.000000 0.000000 3.369704 1.744455 0.709486
LANDMARK 90 4 -0.134521 1.171012
VERTEX_SE2 91 -0.105174 -0.000000 0.000000 3.289909 1.675939 0.709486
LANDMARK 91 4 -0.135568 1.205534
VERTEX_SE2 92 -0.112128 0.000000 0.000000 3.204837 1.602894 0.709486
LANDMARK 92 4 -0.126255 1.298658
LANDMARK 92 1 2.110287 1.625771
VERTEX_SE2 93 -0.132500 0.000000 0.000000 3.104310 1.516578 0.709486
LANDMARK 93 4 -0.117703 1.469951
LANDMARK 93 1 2.022258 1.545348
VERTEX_SE2 94 -0.133347 0.000000 0.000000 3.003140 1.429710 0.709486
LANDMARK 94 3 -1.609576 2.469537
LANDMARK 94 4 -0.104191 1.601013
LANDMARK 94 1 1.939726 1.467455
VERTEX_SE2 95 -0.117542 0.000000 0.000000 2.913961 1.353139 0.709486
LANDMARK 95 3 -1.560884 2.462627
LANDMARK 95 4 -0.094278 1.715790
LANDMARK 95 1 1.873250 1.441623
VERTEX_SE2 96 -0.130409 0.000000 0.000000 2.815020 1.268184 0.709486
LANDMARK 96 2 -1.750546 0.443090
LANDMARK 96 3 -1.502892 2.480322
LANDMARK 96 4 -0.085034 1.843911
LANDMARK 96 1 1.791201 1.398890
VERTEX_SE2 97 -0.119192 -0.000000 0.000000 2.724590 1.190537 0.709486
LANDMARK 97 2 -1.482143 0.451070
LANDMARK 97 3 -1.447423 2.497307
LANDMARK 97 4 -0.076629 1.986283
LANDMARK 97 1 1.709178 1.374247
VERTEX_SE2 98 -0.107557 0.000000 0.000000 2.642987 1.120470 0.709486
LANDMARK 98 2 -1.275252 0.464393
LANDMARK 98 3 -1.407604 2.510304
LANDMARK 98 4 -0.071744 2.089873
LANDMARK 98 1 1.645636 1.369833
VERTEX_SE2 99 -0.108772 0.000001 0.000000 2.560461 1.049611 0.709486
LANDMARK 99 2 -1.070946 0.512510
LANDMARK 99 4 -0.062961 2.203079
LANDMARK 99 1 1.568200 1.362677
VERTEX_SE2 100 -0.119179 0.000000 0.000000 2.470040 0.971973 0.709486
LANDMARK 100 2 -0.934430 0.562901
LANDMARK 100 4 -0.056512 2.304560
LANDMARK 100 1 1.507820 1.369321
VERTEX_SE2 101 -0.102652 0.000276 -0.012291 2.391978 0.905311 0.697196
LANDMARK 101 2 -0.808304 0.626558
LANDMARK 101 4 -0.051043 2.387991
LANDMARK 101 1 1.438456 1.376369
VERTEX_SE2 102 -0.104658 0.000066 -0.000833 2.311700 0.838163 0.696363
LANDMARK 102 2 -0.699813 0.709590
LANDMARK 102 4 -0.040016 2.495492
LANDMARK 102 1 1.378607 1.391681
VERTEX_SE2 103 -0.107857 0.000000 0.000000 2.228954 0.768980 0.696363
LANDMARK 103 2 -0.610592 0.793837
LANDMARK 103 4 -0.029698 2.593385
LANDMARK 103 1 1.313623 1.420385
VERTEX_SE2 104 -0.106586 0.002267 -0.056720 2.145729 0.702352 0.639643
LANDMARK 104 2 -0.532378 0.874227
LANDMARK 104 4 -0.022791 2.715053
LANDMARK 104 1 1.249157 1.441052
VERTEX_SE2 105 -0.100772 0.002026 -0.053624 2.063670 0.643826 0.586019
LANDMARK 105 2 -0.461672 0.960796
LANDMARK 105 1 1.209687 1.481959
VERTEX_SE2 106 -0.116076 0.002869 -0.061776 1.965375 0.582021 0.524242
LANDMARK 106 2 -0.359275 1.060836
LANDMARK 106 1 1.197461 1.515095
VERTEX_SE2 107 -0.108357 0.002499 -0.057665 1.870319 0.529945 0.466577
LANDMARK 107 2 -0.281612 1.133426
LANDMARK 107 1 1.191079 1.564082
VERTEX_SE2 108 -0.109846 0.002569 -0.058458 1.771058 0.482827 0.408119
LANDMARK 108 2 -0.183704 1.277094
LANDMARK 108 1 1.186608 1.612271
VERTEX_SE2 109 -0.118069 0.002968 -0.062838 1.661508 0.438692 0.345281
LANDMARK 109 2 -0.119631 1.370035
LANDMARK 109 1 1.178949 1.656954
VERTEX_SE2 110 -0.101184 0.002044 -0.053843 1.565604 0.406368 0.291438
LANDMARK 110 0 -2.021290 0.878543
LANDMARK 110 2 -0.066539 1.463722
LANDMARK 110 1 1.177703 1.710139
VERTEX_SE2 111 -0.105194 0.002208 -0.055978 1.464212 0.378257 0.235460
LANDMARK 111 0 -1.829350 0.843514
LANDMARK 111 2 0.004230 1.582327
LANDMARK 111 1 1.174803 1.765105
VERTEX_SE2 112 -0.104785 0.002191 -0.055761 1.361807 0.355942 0.179699
LANDMARK 112 0 -1.702736 0.828711
LANDMARK 112 2 0.047050 1.661096
LANDMARK 112 1 1.178086 1.805279
VERTEX_SE2 113 -0.122719 0.003207 -0.065315 1.240491 0.337163 0.114384
LANDMARK 113 0 -1.453553 0.805482
LANDMARK 113 2 0.122778 1.809949
LANDMARK 113 1 1.184586 1.875166
VERTEX_SE2 114 -0.118278 0.002979 -0.062949 1.122646 0.326623 0.051435
LANDMARK 114 0 -1.297654 0.818339
LANDMARK 114 2 0.164529 1.910110
LANDMARK 114 1 1.189331 1.930016
VERTEX_SE2 115 -0.118740 0.000694 -0.007306 1.004028 0.321212 0.044129
LANDMARK 115 0 -1.074321 0.871467
LANDMARK 115 2 0.229107 2.051358
LANDMARK 115 1 1.195907 1.981123
VERTEX_SE2 116 -0.116960 -0.000000 0.000000 0.887181 0.316052 0.044129
LANDMARK 116 0 -0.933566 0.928929
LANDMARK 116 2 0.241344 2.177568
LANDMARK 116 1 1.164999 2.031378
VERTEX_SE2 117 -0.114188 -0.000240 0.012985 0.773115 0.310775 0.057114
LANDMARK 117 0 -0.855571 0.989167
LANDMARK 117 2 0.243966 2.262207
LANDMARK 117 1 1.136808 2.060951
VERTEX_SE2 118 -0.108706 -0.000461 0.005348 0.664613 0.304109 0.062462
LANDMARK 118 0 -0.782837 1.061597
LANDMARK 118 2 0.237905 2.338082
LANDMARK 118 1 1.100645 2.100721
VERTEX_SE2 119 -0.118143 0.000000 0.000000 0.546700 0.296735 0.062462
LANDMARK 119 0 -0.712602 1.157223
LANDMARK 119 2 0.223860 2.483790
LANDMARK 119 1 1.045722 2.171515
VERTEX_SE2 120 -0.100713 0.000000 0.000000 0.446183 0.290449 0.062462
LANDMARK 120 0 -0.666638 1.236634
LANDMARK 120 2 0.215773 2.569002
LANDMARK 120 1 1.012885 2.212539
VERTEX_SE2 121 -0.108757 -0.000000 0.000000 0.337638 0.283660 0.062462
LANDMARK 121 0 -0.620170 1.294561
LANDMARK 121 2 0.206208 2.672305
LANDMARK 121 1 0.975043 2.266719
VERTEX_SE2 122 -0.125682 0.000000 0.000000 0.212202 0.275815 0.062462
LANDMARK 122 0 -0.559263 1.416578
LANDMARK 122 1 0.928768 2.349198
VERTEX_SE2 123 -0.129040 -0.000000 0.000000 0.083414 0.267760 0.062462
LANDMARK 123 0 -0.518726 1.509377
LANDMARK 123 1 0.895356 2.403645
VERTEX_SE2 124 -0.125461 -0.000000 0.000000 -0.041803 0.259928 0.062462
LANDMARK 124 0 -0.470687 1.634053
LANDMARK 124 1 0.859999 2.504940
VERTEX_SE2 125 -0.103196 -0.000000 0.000000 -0.144798 0.253486 0.062462
LANDMARK 125 0 -0.430909 1.751568
LANDMARK 125 1 0.827474 2.585920
VERTEX_SE2 126 -0.100662 -0.000001 0.000000 -0.245263 0.247202 0.062462
LANDMARK 126 0 -0.412161 1.828451
